5 1 0 0.0540750091516631 0.00100874900817871 0.0191788673400879 0.0551527634740863 0.0195412569477061
5 2 0 0.054320292129049 0.0037996768951416 0.184144973754883 0.0551527634740863 0.0150939190096692
5 3 0 0.0544018541192996 0.00935792922973633 0.609925985336304 0.0551527634740863 0.0136150812305076
5 4 0 0.0544425969379336 0.0175654888153076 1.52302885055542 0.0551527634740863 0.0128763545363665
5 5 0 0.0544670302872199 0.0264050960540771 2.89607882499695 0.0551527634740863 0.0124333422964122
5 6 0 0.0544833139985447 0.039639949798584 5.01151943206787 0.0551527634740863 0.0121380948727273
5 7 0 0.0544949428654393 0.0541088581085205 7.74549102783203 0.0551527634740863 0.0119272465641011
5 8 0 0.0545036629180583 0.0766353607177734 10.9961106777191 0.0551527634740863 0.0117691392985771
5 9 0 0.0545104444553999 0.0932180881500244 16.1446220874786 0.0551527634740863 0.0116461801408777
5 10 0 0.0545158691520447 0.115586280822754 21.9675107002258 0.0551527634740863 0.0115478224829267
5 15 0 0.0545321403744522 0.269738912582397 70.9907817840576 0.0551527634740863 0.0112528015015184
5 20 0 0.0545402744301579 0.498550891876221 160.363183498383 0.0551527634740863 0.0111053192142612
10 1 0 0.054611320266685 0.00113844871520996 0.0864167213439941 0.0551527634740863 0.00981715463189292
10 2 0 0.0547331715702967 0.00431919097900391 0.800294876098633 0.0551527634740863 0.00760781287027841
10 3 0 0.054773733137805 0.0105557441711426 2.58455085754395 0.0551527634740863 0.00687237252326208
10 4 0 0.0547940035999561 0.0167579650878906 5.63794469833374 0.0551527634740863 0.00650483949546323
10 5 0 0.0548061625398113 0.029510498046875 11.0993030071259 0.0551527634740863 0.00628438019135373
10 6 0 0.0548142670342386 0.0405972003936768 18.3217380046844 0.0551527634740863 0.00613743389316662
10 7 0 0.0548200552154398 0.0594756603240967 28.8417010307312 0.0551527634740863 0.00603248573034368
10 8 0 0.054824396006312 0.0769095420837402 42.4254331588745 0.0551527634740863 0.00595378086410046
10 9 0 0.0548277720132629 0.10053563117981 57.6411211490631 0.0551527634740863 0.00589256893675062
10 10 0 0.0548304725387051 0.123329877853394 78.2581372261047 0.0551527634740863 0.00584360447382804
10 15 0 0.0548385736301635 0.28382134437561 244.981698989868 0.0551527634740863 0.0056967198764291
10 20 0 0.0548426236662078 0.511595249176025 545.466434240341 0.0551527634740863 0.005623286819059
15 1 0 0.0547912661445847 0.00097966194152832 0.213318347930908 0.0551527634740863 0.00655447355183591
15 2 0 0.0548723058575385 0.00423622131347656 1.70649313926697 0.0551527634740863 0.00508510542140984
15 3 0 0.054899293671617 0.00993633270263672 5.47367286682129 0.0551527634740863 0.00459577701103589
15 4 0 0.0549127827668101 0.0189216136932373 12.0682654380798 0.0551527634740863 0.00435120005163353
15 5 0 0.0549208749065217 0.0296576023101807 23.0833947658539 0.0551527634740863 0.00420447776245214
15 6 0 0.0549262687155994 0.0446476936340332 37.8223474025726 0.0551527634740863 0.00410668014111851
15 7 0 0.0549301213017112 0.0612540245056152 59.1982407569885 0.0551527634740863 0.00403682713885496
15 8 0 0.0549330104579738 0.0786993503570557 85.3118643760681 0.0551527634740863 0.00398444252418453
15 9 0 0.0549352575797329 0.101482391357422 118.410941839218 0.0551527634740863 0.00394369893098141
15 10 0 0.0549370551616599 0.127243280410767 158.88778591156 0.0551527634740863 0.00391110615024318
15 15 0 0.0549424474380971 0.288635969161987 498.176155090332 0.0551527634740863 0.00381333631791627
15 20 0 0.0549451434636953 0.5206618309021 1100.99218916893 0.0551527634740863 0.00376445344372557
20 1 0 0.0548814538614471 0.000982046127319336 0.386058807373047 0.0551527634740863 0.00491923877516373
20 2 0 0.0549421579608534 0.00469350814819336 2.87607264518738 0.0551527634740863 0.0038185849623265
20 3 0 0.0549623782303648 0.0108323097229004 8.95887446403503 0.0551527634740863 0.0034519620002529
20 4 0 0.0549724856198403 0.0190191268920898 20.8156471252441 0.0551527634740863 0.00326870029514759
20 5 0 0.0549785489665577 0.0287554264068604 38.2236049175262 0.0551527634740863 0.00315876298039819
20 6 0 0.054982590941122 0.0447237491607666 63.6262490749359 0.0551527634740863 0.00308547608941247
20 7 0 0.05498547806299 0.060570240020752 98.4483850002289 0.0551527634740863 0.00303312836128133
20 8 0 0.0549876431040375 0.0777404308319092 141.877927780151 0.0551527634740863 0.00299387301103038
20 9 0 0.0549893270165374 0.0982174873352051 198.178352355957 0.0551527634740863 0.0029633412227052
20 10 0 0.0549906742014241 0.128889083862305 263.415256261826 0.0551527634740863 0.00293891479686776
20 15 0 0.0549947152110927 0.289619445800781 814.211055517197 0.0551527634740863 0.00286564540084736
20 20 0 0.0549967355902562 0.531071424484253 1861.30890250206 0.0551527634740863 0.0028290129814324
