0 0 20 20 1 1 1 0 1
-0.155 0.02 20 20 2.83277689464034e-46 2.83277689464034e-46 5.2100795719544e-37 5.21007956912162e-37 1.22217648069322e-36
-0.154 0.02 20 20 1.79484260633621e-43 1.79767538323085e-43 1.46871047957116e-36 1.46871029980362e-36 3.40794231099491e-36
-0.153 0.02 20 20 3.79247976538699e-42 3.97224730371007e-42 4.11292168110956e-36 4.11291770886226e-36 9.44068667673051e-36
-0.152 0.02 20 20 1.56892057225907e-39 1.57289281956278e-39 1.14416146667675e-35 1.14400417739479e-35 2.5981737711493e-35
-0.15 0.02 20 20 2.67693540192819e-38 2.83422468388446e-38 8.68020299669933e-35 8.67736877201544e-35 1.9295592017266e-34
-0.149 0.02 20 20 4.5117977583108e-37 4.79522022669925e-37 2.36720590886909e-34 2.36241068864239e-34 5.20695565550189e-34
-0.148 0.02 20 20 7.15385802671911e-36 7.63338004938903e-36 6.41306671872396e-34 6.33673291823007e-34 1.39593065802945e-33
-0.147 0.02 20 20 1.0690839810958e-34 1.14541778158969e-34 1.72591456143877e-33 1.61137278327981e-33 3.71790469078484e-33
-0.145 0.02 20 20 1.50829935797739e-33 1.62284113613636e-33 1.22545905673195e-32 1.06317494311831e-32 2.5860170948537e-32
-0.143 0.02 20 20 2.01196904372339e-32 2.17425315733703e-32 8.47376927681179e-32 6.29951611947477e-32 1.75220677223678e-31
-0.142 0.02 20 20 2.54100470534439e-31 2.7584300210781e-31 2.20624167564264e-31 5.52188345435454e-32 4.5164354818549e-31
-0.14 0.02 20 20 3.04213025507441e-30 3.31797325718222e-30 1.46616359285574e-30 1.85180966432648e-30 2.94228711530632e-30
-0.138 0.02 20 20 3.45642014436379e-29 3.78821747008202e-29 9.48889441288289e-30 2.83932802879373e-29 1.86724208972441e-29
-0.136 0.02 20 20 3.73074564725035e-28 4.10956739425855e-28 5.98074107950462e-29 3.51149328630809e-28 1.15436968097787e-28
-0.133 0.02 20 20 3.82903069814946e-27 4.23998743757532e-27 9.00572414747636e-28 3.33941502282768e-27 1.68945091779719e-27
-0.131 0.02 20 20 3.7400157738265e-26 4.16401451758403e-26 5.31293572582743e-27 3.63272094500129e-26 9.78301319284989e-27
-0.129 0.02 20 20 3.47923000782563e-25 3.89563145958404e-25 3.05257114088696e-26 3.59037434549534e-25 5.51870909039742e-26
-0.126 0.02 20 20 3.0847573538308e-24 3.4743204997892e-24 4.00069220353451e-25 3.07425127943575e-24 7.04023180837369e-25
-0.124 0.02 20 20 2.60832455200927e-23 2.95575660198819e-23 2.15162925571951e-24 2.74059367641623e-23 3.7201384862708e-24
-0.121 0.02 20 20 2.10452137597821e-22 2.40009703617703e-22 2.55389466262771e-23 2.14470756991426e-22 4.30263066877034e-23
-0.119 0.02 20 20 1.62113837029925e-21 1.86114807391695e-21 1.28574938623615e-22 1.73257313529334e-21 2.12977368216268e-22
-0.116 0.02 20 20 1.19278731431077e-20 1.37890212170246e-20 1.38226008300276e-21 1.24067611340219e-20 2.2333952708269e-21
-0.114 0.02 20 20 8.38613277179825e-20 9.76503489350071e-20 6.51458178775512e-21 9.1135767147252e-20 1.03565373894094e-20
-0.111 0.02 20 20 5.63606305083284e-19 6.61256654018291e-19 6.34385850036573e-20 5.97818069014634e-19 9.8478051983257e-20
-0.108 0.02 20 20 3.62197931439358e-18 4.28323596841188e-18 5.82182958703455e-19 3.70105300970842e-18 8.83036974448396e-19
-0.106 0.02 20 20 2.22635657316944e-17 2.65468017001063e-17 2.46921828910582e-18 2.40775834110004e-17 3.68910397692865e-18
-0.103 0.02 20 20 1.30926541465627e-16 1.57473343165733e-16 2.0528902968846e-17 1.36944440196887e-16 2.99998946906135e-17
-0.1 0.02 20 20 7.36773864703203e-16 8.94247207868936e-16 1.6086268805373e-16 7.33384519815206e-16 2.30079188077236e-16
-0.098 0.02 20 20 3.96814975224508e-15 4.86239696011401e-15 6.14097568705675e-16 4.24829939140834e-15 8.66145970273758e-16
-0.095 0.02 20 20 2.04572990769311e-14 2.53196960370451e-14 4.36022716357033e-15 2.09594688734748e-14 6.02545526075931e-15
-0.092 0.02 20 20 1.00962391165925e-13 1.2628208720297e-13 2.91822549421845e-14 9.7099832260786e-14 3.95368435803735e-14
-0.089 0.02 20 20 4.77038257050997e-13 6.03320344253967e-13 1.84115525087162e-13 4.19204819166805e-13 2.44709748540644e-13
-0.087 0.02 20 20 2.15797828709045e-12 2.76129863134442e-12 6.08378840319035e-13 2.15291979102538e-12 7.986191091264e-13
-0.084 0.02 20 20 9.34644746680484e-12 1.21077460981493e-11 3.47915942800465e-12 8.62858667014461e-12 4.48514392917993e-12
-0.081 0.02 20 20 3.87565389832215e-11 5.08642850813708e-11 1.87590662926084e-11 3.21052187887624e-11 2.37642927584488e-11
-0.079 0.02 20 20 1.53859318654353e-10 2.04723603735724e-10 5.58277562953860e-11 1.48895847440338e-10 6.99290719016663e-11
-0.076 0.02 20 20 5.8472719375951e-10 7.89450797495234e-10 2.72933406099593e-10 5.16517391395642e-10 3.36305790696816e-10
-0.073 0.02 20 20 2.12712418878208e-09 2.91657498627732e-09 1.25833347025967e-09 1.65824151601765e-09 1.52622442138245e-09
-0.07 0.02 20 20 7.40613246789431e-09 1.03227074541716e-08 5.47154892278895e-09 4.85115853138267e-09 6.53661286329681e-09
-0.068 0.02 20 20 2.46767682556768e-08 3.49994757098485e-08 1.41108077942332e-08 2.08886679156153e-08 1.66939915736801e-08
-0.065 0.02 20 20 7.86706674052246e-08 1.13670143115073e-07 5.56673548772069e-08 5.80027882378661e-08 6.49361397431674e-08
-0.062 0.02 20 20 2.39930660701521e-07 3.53600803816594e-07 2.07187656184162e-07 1.46413147632431e-07 2.38452426561706e-07
-0.06 0.02 20 20 6.99872931211387e-07 1.05347373502798e-06 4.81788421104296e-07 5.71685313923684e-07 5.49728058874811e-07
-0.057 0.02 20 20 1.95216931675121e-06 3.00564305177919e-06 1.6278794606689e-06 1.37776359111029e-06 1.83452086016649e-06
-0.054 0.02 20 20 5.20568173814784e-06 8.21132478992703e-06 5.19146405896954e-06 3.01986073095749e-06 5.78193078380579e-06
-0.051 0.02 20 20 1.3267528272988e-05 2.1478853062915e-05 1.56295351532602e-05 5.84931790965483e-06 1.72141324610121e-05
-0.049 0.02 20 20 3.23101759189713e-05 5.37890289818864e-05 3.15647984380031e-05 2.22242305438832e-05 3.45194993634009e-05
-0.046 0.02 20 20 7.51631690933903e-05 0.000128952198075277 8.6377108105802e-05 4.25750899694747e-05 9.35127624224166e-05
-0.043 0.02 20 20 0.000166979349034709 0.000295931547109985 0.000223293523060731 7.26380240492546e-05 0.000239459013524507
-0.041 0.02 20 20 0.000354147875302738 0.000650079422412723 0.00040756500730646 0.000242514415106263 0.0004344681842945
-0.038 0.02 20 20 0.000716870812948395 0.00136695023536112 0.000958953716091024 0.000407996519270094 0.00101366239674765
-0.035 0.02 20 20 0.00138452486783188 0.002751475103193 0.00213353824959296 0.000617936853600036 0.00223769272253771
-0.033 0.02 20 20 0.00255054920560201 0.00530202430879501 0.00352562543368281 0.00177639887511221 0.00367977800434366
-0.03 0.02 20 20 0.00448033798585827 0.00978236229465328 0.00715338451349074 0.00262897778116254 0.00741562596116202
-0.027 0.02 20 20 0.00750249875408795 0.0172848610487412 0.013743876713722 0.00354098433501923 0.0141599502286086
-0.024 0.02 20 20 0.0119728481724985 0.0292577092212397 0.025022809616676 0.00423489960456366 0.0256370329963268
-0.022 0.02 20 20 0.0182041113688281 0.0474618205900678 0.0362253134356491 0.0112365071544187 0.0369891695363595
-0.019 0.02 20 20 0.0263641194229658 0.0738259400130337 0.0604113936878156 0.0134145463252181 0.0614032636462107
-0.016 0.02 20 20 0.0363604148063674 0.110186354819401 0.0957112446214 0.014475110198001 0.0968943271860192
-0.014 0.02 20 20 0.0477448141586256 0.157931168978027 0.126501702390246 0.0314294665877808 0.12776475041705
-0.011 0.02 20 20 0.0596797231152328 0.217610892093259 0.18455598614468 0.033054905948579 0.185828553238754
-0.008 0.02 20 20 0.0710010111190698 0.288611903212329 0.256816483512311 0.0317954197000182 0.257934518136226
-0.005 0.02 20 20 0.0803871979517103 0.368999101164039 0.341547070598463 0.0274520305655767 0.342342301928311
-0.003 0.02 20 20 0.0866075466105729 0.455606647774612 0.403248838197023 0.0523578095775896 0.403751972604349
0 0.02 20 20 0.0887867051378321 0.544393352912445 0.5 0.0443933529124445 0.5
0.003 0.02 20 20 0.0866075473023253 0.63100090021477 0.596751161802977 0.0342497384117925 0.596248027395651
0.005 0.02 20 20 0.0803871979415258 0.711388098156296 0.658452929401537 0.0529351687547583 0.657657698071689
0.008 0.02 20 20 0.0710010108332562 0.782389108989552 0.743183516487689 0.0392055925018627 0.742065481863774
0.011 0.02 20 20 0.0596797227350821 0.842068831724634 0.81544401385532 0.0266248178693143 0.814171446761246
0.014 0.02 20 20 0.0477448141713338 0.889813645895968 0.873498297609754 0.0163153482862134 0.87223524958295
0.016 0.02 20 20 0.0363604147907701 0.926174060686738 0.9042887553786 0.0218853053081377 0.903105672813981
0.019 0.02 20 20 0.0263641192473644 0.952538179934102 0.939588606312184 0.0129495736219177 0.938596736353789
0.022 0.02 20 20 0.0182041111176676 0.97074229105177 0.963774686564351 0.00696760448741895 0.963010830463641
0.024 0.02 20 20 0.0119728479937911 0.982715139045561 0.974977190383324 0.00773794866223687 0.974362967003673
0.027 0.02 20 20 0.00750249869291041 0.990217637738471 0.986256123286278 0.00396151445219328 0.985840049771391
0.03 0.02 20 20 0.00448033796767169 0.994697975706143 0.992846615486509 0.00185136021963372 0.992584374038838
0.033 0.02 20 20 0.00255054919005382 0.997248524896197 0.996474374566317 0.000774150329879597 0.996320221995656
0.035 0.02 20 20 0.00138452486386336 0.99863304976006 0.997866461750407 0.000766588009653124 0.997762307277462
0.038 0.02 20 20 0.000716870813316776 0.999349920573377 0.999041046283909 0.000308874289467909 0.998986337603252
0.041 0.02 20 20 0.000354147876400835 0.999704068449778 0.999592434992694 0.000111633457084204 0.999565531815706
0.043 0.02 20 20 0.00016697935074636 0.999871047800524 0.999776706476939 9.43413235848789e-05 0.999760540986475
0.046 0.02 20 20 7.51631702948631e-05 0.999946210970819 0.999913622891894 3.25880789248112e-05 0.999906487237578
0.049 0.02 20 20 3.23101758530303e-05 0.999978521146672 0.999968435201562 1.00859451100943e-05 0.999965480500637
0.051 0.02 20 20 1.32675284038941e-05 0.999991788675076 0.999984370464847 7.41821022909317e-06 0.999982785867539
0.054 0.02 20 20 5.20568179467182e-06 0.999996994356871 0.999994808535941 2.18582092958997e-06 0.999994218069216
0.057 0.02 20 20 1.95216937258807e-06 0.999998946526243 0.999998372120539 5.74405703890335e-07 0.99999816547914
0.06 0.02 20 20 6.99872955757871e-07 0.999999646399199 0.999999518211579 1.28187620074272e-07 0.999999450271941
0.062 0.02 20 20 2.39930659671837e-07 0.999999886329859 0.999999792812344 9.35175147320777e-08 0.999999761547573
0.065 0.02 20 20 7.86706653748418e-08 0.999999965000524 0.999999944332645 2.06678788527981e-08 0.99999993506386
0.068 0.02 20 20 2.46767680768488e-08 0.999999989677292 0.999999985889192 3.78809983381245e-09 0.999999983306008
0.07 0.02 20 20 7.40613249399181e-09 0.999999997083425 0.999999994528451 2.55497345502675e-09 0.999999993463387
0.073 0.02 20 20 2.12712418944574e-09 0.999999999210549 0.999999998741667 4.68882155324479e-10 0.999999998473776
0.076 0.02 20 20 5.84727218609702e-10 0.999999999795276 0.999999999727067 6.82094380977105e-11 0.999999999663694
0.079 0.02 20 20 1.53859321005265e-10 0.999999999949135 0.999999999944172 4.96302998698184e-12 0.999999999930071
0.081 0.02 20 20 3.8756538157129e-11 0.999999999987892 0.999999999981241 6.65090205131946e-12 0.999999999976236
0.084 0.02 20 20 9.34644692254766e-12 0.999999999997238 0.999999999996521 7.17426118512776e-13 0.999999999995515
0.087 0.02 20 20 2.15797791591384e-12 0.999999999999396 0.999999999999392 4.66293670342566e-15 0.999999999999201
0.089 0.02 20 20 4.77038139295554e-13 0.999999999999873 0.999999999999816 5.73985303731206e-14 0.999999999999755
0.092 0.02 20 20 1.00962355600829e-13 0.999999999999974 0.999999999999971 3.44169137633799e-15 0.99999999999996
0.095 0.02 20 20 2.04572891980448e-14 0.999999999999995 0.999999999999996 9.99200722162641e-16 0.999999999999994
0.098 0.02 20 20 3.96814772879619e-15 0.999999999999999 0.999999999999999 6.66133814775094e-16 0.999999999999999
0.1 0.02 20 20 7.36773243468369e-16 0.999999999999999 1 4.44089209850063e-16 1
0.103 0.02 20 20 1.30926388590899e-16 1 1 4.44089209850063e-16 1
0.106 0.02 20 20 2.22635294108571e-17 1 1 4.44089209850063e-16 1
0.108 0.02 20 20 3.62197070185096e-18 1 1 4.44089209850063e-16 1
0.111 0.02 20 20 5.63604418857983e-19 1 1 4.44089209850063e-16 1
0.114 0.02 20 20 8.38609303025368e-20 1 1 4.44089209850063e-16 1
0.116 0.02 20 20 1.1927797149671e-20 1 1 4.44089209850063e-16 1
0.119 0.02 20 20 1.62112462670013e-21 1 1 4.44089209850063e-16 1
0.121 0.02 20 20 2.10449713453146e-22 1 1 4.44089209850063e-16 1
0.124 0.02 20 20 2.6082846961853e-23 1 1 4.44089209850063e-16 1
0.126 0.02 20 20 3.08469543714769e-24 1 1 4.44089209850063e-16 1
0.129 0.02 20 20 3.47913848727045e-25 1 1 4.44089209850063e-16 1
0.131 0.02 20 20 3.73988910548662e-26 1 1 4.44089209850063e-16 1
0.134 0.02 20 20 3.82886455024063e-27 1 1 4.44089209850063e-16 1
0.136 0.02 20 20 3.73054057607329e-28 1 1 4.44089209850063e-16 1
0.138 0.02 20 20 3.45618145759021e-29 1 1 4.44089209850063e-16 1
0.14 0.02 20 20 3.04186815892681e-30 1 1 4.44089209850063e-16 1
0.142 0.02 20 20 2.54073333127473e-31 1 1 4.44089209850063e-16 1
0.144 0.02 20 20 2.01170400126064e-32 1 1 4.44089209850063e-16 1
0.146 0.02 20 20 1.50805591023001e-33 1 1 4.44089209850063e-16 1
0.147 0.02 20 20 1.06887372188018e-34 1 1 4.44089209850063e-16 1
0.149 0.02 20 20 7.15215372569482e-36 1 1 4.44089209850063e-16 1
0.15 0.02 20 20 4.51050267048168e-37 1 1 4.44089209850063e-16 1
0.151 0.02 20 20 2.67601467077697e-38 1 1 4.44089209850063e-16 1
0.152 0.02 20 20 1.49051106431664e-39 1 1 4.44089209850063e-16 1
0.153 0.02 20 20 7.77624827285924e-41 1 1 4.44089209850063e-16 1
0.154 0.02 20 20 3.96239682825474e-42 1 1 4.44089209850063e-16 1
-0.116 0.04 20 20 1.23046007849231e-22 1.23046007849231e-22 1.06562403276789e-19 1.0643935726894e-19 1.64244980121519e-19
-0.115 0.04 20 20 4.25309740994559e-22 5.4835574884379e-22 2.15600163709661e-19 2.15051807960817e-19 3.29874986934333e-19
-0.114 0.04 20 20 8.98385884427923e-21 9.53221459312303e-21 4.33617513336832e-19 4.24085298743709e-19 6.58638155550654e-19
-0.113 0.04 20 20 2.87714390991107e-20 3.83036536922337e-20 8.6691734844535e-19 8.28613694753116e-19 1.30732963927155e-18
-0.112 0.04 20 20 1.12330462860425e-19 1.50634116552658e-19 1.72290860246603e-18 1.57227448591337e-18 2.57967244001128e-18
-0.111 0.04 20 20 4.29285364133951e-19 5.79919480686609e-19 3.40377605199394e-18 2.82385657130734e-18 5.06041089719198e-18
-0.11 0.04 20 20 1.60582324081222e-18 2.18574272149883e-18 6.6845850193208e-18 4.49884229782197e-18 9.86845811789871e-18
-0.108 0.04 20 20 5.87951865950302e-18 8.06526138100185e-18 2.53249052214452e-17 1.72596438404434e-17 3.68727452919033e-17
-0.107 0.04 20 20 2.107007988714e-17 2.91353412681419e-17 4.88549848534232e-17 1.97196435852813e-17 7.06479025362673e-17
-0.106 0.04 20 20 7.39023297077214e-17 1.03037670975863e-16 9.36886480291949e-17 9.34902294666834e-18 1.34566721185327e-16
-0.104 0.04 20 20 2.53690098357545e-16 3.56727769333408e-16 3.38451714374515e-16 1.82760549588933e-17 4.79679019780465e-16
-0.102 0.04 20 20 8.5228966890646e-16 1.20901743823987e-15 1.19393905317588e-15 1.50783850639913e-17 1.67012783622999e-15
-0.101 0.04 20 20 2.80216175915883e-15 4.0111791973987e-15 2.22256733362257e-15 1.78861186377613e-15 3.08901913084503e-15
-0.099 0.04 20 20 9.01579604041227e-15 1.3026975237811e-14 7.56596011525933e-15 5.46101512255165e-15 1.03826596853672e-14
-0.097 0.04 20 20 2.83858576616131e-14 4.14128328994241e-14 2.51514375186165e-14 1.62613953808076e-14 3.40876062810465e-14
-0.095 0.04 20 20 8.74516308055711e-14 1.28864463704995e-13 8.16502170727968e-14 4.72142466321984e-14 1.0931767021119e-13
-0.093 0.04 20 20 2.63622123409651e-13 3.92486587114646e-13 2.5885354095232e-13 1.33633046162326e-13 3.42449598912562e-13
-0.092 0.04 20 20 7.77540683081073e-13 1.17002727019572e-12 4.5681773181776e-13 7.13209538377959e-13 6.00802302817665e-13
-0.09 0.04 20 20 2.24372618033085e-12 3.41375345052657e-12 1.39767441548279e-12 2.01607903504377e-12 1.81706075862871e-12
-0.088 0.04 20 20 6.33431435294398e-12 9.74806780347054e-12 4.17627570247728e-12 5.57179210099327e-12 5.3683096134966e-12
-0.086 0.04 20 20 1.74939923673792e-11 2.72420601708498e-11 1.21870973636337e-11 1.50549628072161e-11 1.54932946260343e-11
-0.084 0.04 20 20 4.72621672499862e-11 7.4504227420836e-11 3.47334355210158e-11 3.97707918998201e-11 4.36813922468472e-11
-0.082 0.04 20 20 1.24896049795941e-10 1.99400277216777e-10 9.66808435507088e-11 1.02719433666069e-10 1.20310767804503e-10
-0.08 0.04 20 20 3.22825878115592e-10 5.22226155332369e-10 2.62837781561044e-10 2.59388373771325e-10 3.23725776468635e-10
-0.078 0.04 20 20 8.16105159726814e-10 1.33833131505918e-09 6.97910733946238e-10 6.40420581112946e-10 8.50990762563472e-10
-0.076 0.04 20 20 2.01769239785459e-09 3.35602371291377e-09 1.81003674608785e-09 1.54598696682593e-09 2.18553552842947e-09
-0.074 0.04 20 20 4.87828280806411e-09 8.23430652097788e-09 4.58523661579459e-09 3.64906990518329e-09 5.48387747811623e-09
-0.072 0.04 20 20 1.15333052910012e-08 1.97676118119791e-08 1.13458006582035e-08 8.42181115377554e-09 1.34439416704488e-08
-0.07 0.04 20 20 2.66616205772198e-08 4.64292323891989e-08 2.74233568261247e-08 1.90058755630742e-08 3.22023446795843e-08
-0.068 0.04 20 20 6.02609350197746e-08 1.06690167408974e-07 6.47488556795775e-08 4.19413117293961e-08 7.53675284556745e-08
-0.066 0.04 20 20 1.33159443067734e-07 2.39849610476707e-07 1.49342888105552e-07 9.0506722371155e-08 1.72358164044891e-07
-0.064 0.04 20 20 2.87650203191704e-07 5.27499813668411e-07 3.36506921092769e-07 1.90992892575643e-07 3.85164489614406e-07
-0.062 0.04 20 20 6.07412285574071e-07 1.13491209924248e-06 7.4076030237045e-07 3.94151796872032e-07 8.41094116514245e-07
-0.06 0.04 20 20 1.25371231548026e-06 2.38862441472274e-06 1.59314091640293e-06 7.95483498319809e-07 1.79492127592798e-06
-0.058 0.04 20 20 2.52916332122391e-06 4.91778773594666e-06 3.34767633256771e-06 1.57011140337894e-06 3.74342023739573e-06
-0.056 0.04 20 20 4.98642762029765e-06 9.9042153562443e-06 6.87332816211653e-06 3.03088719412777e-06 7.63019460947832e-06
-0.054 0.04 20 20 9.60737755950816e-06 1.95115929157525e-05 1.37894947679308e-05 5.72209814782168e-06 1.52009144064562e-05
-0.052 0.04 20 20 1.80880611352799e-05 3.75996540510324e-05 2.70341374383945e-05 1.05655166126379e-05 2.96002925425817e-05
-0.05 0.04 20 20 3.32751627106031e-05 7.08748167616355e-05 5.179489065744e-05 1.90799261041955e-05 5.63432265866539e-05
-0.048 0.04 20 20 5.98079301533154e-05 0.000130682746914951 9.69842615077869e-05 3.3698485407164e-05 0.000104842267659573
-0.046 0.04 20 20 0.000105021328203436 0.000235704075118387 0.000177495703489047 5.82083716293403e-05 0.00019072701863851
-0.044 0.04 20 20 0.000180155054223688 0.000415859129342075 0.000317527870843872 9.83312584982027e-05 0.000339237739982162
-0.042 0.04 20 20 0.00030188125052988 0.000717740379871954 0.000555292331135567 0.000162448048736387 0.00058999783076233
-0.04 0.04 20 20 0.000494103167359991 0.00121184354723195 0.000949400118971079 0.000262443428260866 0.00100344299673289
-0.038 0.04 20 20 0.000789882734944617 0.00200172628217656 0.00158712310195496 0.000414603180221598 0.00166907827607383
-0.036 0.04 20 20 0.00123322833477508 0.00323495461695164 0.00259451422374351 0.000640440393208129 0.00271551670884843
-0.034 0.04 20 20 0.00188032715933676 0.0051152817762884 0.00414802113725867 0.000967260639029732 0.00432190300159129
-0.032 0.04 20 20 0.00279966737589294 0.00791494915218134 0.00648673615412617 0.00142821299805517 0.00672984086914249
-0.03 0.04 20 20 0.00407040433375764 0.011985353485939 0.00992382280728395 0.00206153067865503 0.0102543574824984
-0.028 0.04 20 20 0.0057783360653314 0.0177636895512704 0.0148550242141694 0.00290866533710101 0.0152918320270529
-0.026 0.04 20 20 0.00800901897621842 0.0257727085274888 0.0217616209826756 0.00401108754481315 0.0223223156605411
-0.024 0.04 20 20 0.0108379082564083 0.0366106167838971 0.0312049382031611 0.00540567858073602 0.0319034424922525
-0.022 0.04 20 20 0.0143179501633614 0.0509285669472586 0.0438096868484716 0.007118880098787 0.0446533502479085
-0.02 0.04 20 20 0.0184657269091739 0.0693942938564325 0.0602342167618794 0.00916007709455312 0.0612208348597264
-0.018 0.04 20 20 0.023247942273497 0.0926422361299295 0.0811272198460685 0.0115150162838609 0.0822424074403654
-0.016 0.04 20 20 0.0285705765663397 0.121212812696269 0.107072475929156 0.0141403367671129 0.108287921376705
-0.014 0.04 20 20 0.0342732458029643 0.155486058499233 0.138525632662722 0.0169604258365114 0.139798746535775
-0.012 0.04 20 20 0.0401310164854101 0.195617074984643 0.175749347331436 0.0198677276532077 0.177024692663241
-0.01 0.04 20 20 0.0458651026438485 0.241482177628492 0.218754885276785 0.0227272923517073 0.219967540803852
-0.008 0.04 20 20 0.0511625440369736 0.292644721665466 0.267258964918277 0.0253857567471889 0.268339656734406
-0.006 0.04 20 20 0.0557033642263462 0.348348085891812 0.320663897117952 0.0276841887738598 0.321545394536816
-0.004 0.04 20 20 0.0591921331167489 0.407540219008561 0.378066777954544 0.0294734410540167 0.378690758679161
-0.002 0.04 20 20 0.0613896745241818 0.468929893532742 0.438299880463415 0.0306300130693272 0.438623299827132
0 0.04 20 20 0.0621402140049485 0.531070107537691 0.5 0.0310701075376909 0.5
0.002 0.04 20 20 0.0613896748032157 0.592459782340907 0.561700119536585 0.030759662804322 0.561376700172868
0.004 0.04 20 20 0.0591921332422363 0.651651915583143 0.621933222045456 0.029718693537687 0.621309241320839
0.006 0.04 20 20 0.0557033641930017 0.707355279776145 0.679336102882048 0.0280191768940967 0.678454605463184
0.008 0.04 20 20 0.0511625436297623 0.758517823405907 0.732741035081723 0.0257767883241835 0.731660343265594
0.01 0.04 20 20 0.045865102560785 0.804382925966692 0.781245114723215 0.0231378112434766 0.780032459196148
0.012 0.04 20 20 0.0401310165240496 0.844513942490742 0.824250652668564 0.0202632898221773 0.822975307336759
0.014 0.04 20 20 0.0342732458018509 0.878787188292593 0.861474367337278 0.0173128209553145 0.860201253464225
0.016 0.04 20 20 0.0285705764774891 0.907357764770082 0.892927524070844 0.0144302406992377 0.891712078623295
0.018 0.04 20 20 0.0232479420312095 0.930605706801291 0.918872780153931 0.0117329266473596 0.917757592559635
0.02 0.04 20 20 0.0184657268318727 0.949071433633164 0.939765783238121 0.00930565039504305 0.938779165140274
0.022 0.04 20 20 0.0143179500376886 0.963389383670852 0.956190313151528 0.00719907051932389 0.955346649752091
0.024 0.04 20 20 0.0108379080411309 0.974227291711983 0.968795061796839 0.00543222991514436 0.968096557507747
0.026 0.04 20 20 0.00800901883779802 0.982236310549781 0.978238379017324 0.00399793153245698 0.977677684339459
0.028 0.04 20 20 0.00577833602698151 0.988014646576763 0.985144975785831 0.00286967079093214 0.984708167972947
0.03 0.04 20 20 0.00407040431700757 0.99208505089377 0.990076177192716 0.0020088737010544 0.989745642517502
0.032 0.04 20 20 0.0027996673787977 0.994884718272568 0.993513263845874 0.00137145442669429 0.993270159130857
0.034 0.04 20 20 0.00188032715355884 0.996765045426127 0.995851978862741 0.000913066563385523 0.995678096998409
0.036 0.04 20 20 0.00123322833632865 0.997998273762456 0.997405485776257 0.000592787986198995 0.997284483291152
0.038 0.04 20 20 0.00078988273173938 0.998788156494195 0.998412876898045 0.000375279596149913 0.998330921723926
0.04 0.04 20 20 0.000494103150518529 0.999282259644713 0.999050599881029 0.000231659763684444 0.998996557003267
0.042 0.04 20 20 0.000301881237974014 0.999584140882687 0.999444707668864 0.000139433213823037 0.999410002169238
0.044 0.04 20 20 0.000180155046359365 0.999764295929047 0.999682472129156 8.18237998906346e-05 0.999660762260018
0.046 0.04 20 20 0.0001050213238006 0.999869317252847 0.999822504296511 4.68129563364617e-05 0.999809272981361
0.048 0.04 20 20 5.9807928463615e-05 0.999929125181311 0.999903015738492 2.61094428188891e-05 0.99989515773234
0.05 0.04 20 20 3.32751623952966e-05 0.999962400343706 0.999948205109343 1.41952343637453e-05 0.999943656773413
0.052 0.04 20 20 1.80880619471917e-05 0.999980488405654 0.999972965862562 7.52254309199785e-06 0.999970399707457
0.054 0.04 20 20 9.60737830610254e-06 0.99999009578396 0.999986210505232 3.88527872752231e-06 0.999984799085594
0.056 0.04 20 20 4.9864279602721e-06 0.99999508221192 0.999993126671838 1.95554008197707e-06 0.999992369805391
0.058 0.04 20 20 2.52916356782524e-06 0.999997611375488 0.999996652323667 9.59051820292878e-07 0.999996256579763
0.06 0.04 20 20 1.25371242221113e-06 0.99999886508791 0.999998406859084 4.58228826327733e-07 0.999998205078724
0.062 0.04 20 20 6.07412276405709e-07 0.999999472500186 0.999999259239698 2.13260488712841e-07 0.999999158905884
0.064 0.04 20 20 2.87650208942153e-07 0.999999760150395 0.999999663493079 9.66573163729834e-08 0.99999961483551
0.066 0.04 20 20 1.33159442586506e-07 0.999999893309838 0.999999850657112 4.26527259067555e-08 0.999999827641836
0.068 0.04 20 20 6.02609344141869e-08 0.999999953570772 0.999999935251144 1.83196280367781e-08 0.999999924632472
0.07 0.04 20 20 2.66616192423212e-08 0.999999980232392 0.999999972576643 7.65574836858463e-09 0.999999967797655
0.072 0.04 20 20 1.15333038390728e-08 0.999999991765695 0.999999988654199 3.11149606080363e-09 0.999999986556058
0.074 0.04 20 20 4.87828149549882e-09 0.999999996643977 0.999999995414763 1.22921350875771e-09 0.999999994516123
0.076 0.04 20 20 2.01769192487929e-09 0.999999998661669 0.999999998189963 4.71705563498404e-10 0.999999997814464
0.078 0.04 20 20 8.16104908139176e-10 0.999999999477774 0.999999999302089 1.75684466974246e-10 0.999999999149009
0.08 0.04 20 20 3.22825720958667e-10 0.999999999800599 0.999999999737162 6.34371444263593e-11 0.999999999676274
0.082 0.04 20 20 1.24895950588419e-10 0.999999999925495 0.999999999903319 2.21762608276777e-11 0.999999999879689
0.084 0.04 20 20 4.72621119788881e-11 0.999999999972757 0.999999999965267 7.49089679175086e-12 0.999999999956319
0.086 0.04 20 20 1.74939660338914e-11 0.999999999990251 0.999999999987813 2.43860487358916e-12 0.999999999984507
0.088 0.04 20 20 6.33429998188293e-12 0.999999999996586 0.999999999995824 7.62057084102707e-13 0.999999999994632
0.09 0.04 20 20 2.24371930077211e-12 0.999999999998829 0.999999999998602 2.27151630838307e-13 0.999999999998183
0.092 0.04 20 20 7.77537368103617e-13 0.999999999999607 0.999999999999543 6.38378239159465e-14 0.999999999999399
0.093 0.04 20 20 2.63620638307873e-13 0.999999999999871 0.999999999999741 1.29563026973756e-13 0.999999999999657
0.095 0.04 20 20 8.74509780825046e-14 0.999999999999958 0.999999999999918 3.96349619791181e-14 0.999999999999891
0.097 0.04 20 20 2.83855761238053e-14 0.999999999999986 0.999999999999975 1.16573417585641e-14 0.999999999999966
0.099 0.04 20 20 9.0156791091091e-15 0.999999999999995 0.999999999999992 2.99760216648792e-15 0.99999999999999
0.101 0.04 20 20 2.80211362832998e-15 0.999999999999998 0.999999999999998 5.55111512312578e-16 0.999999999999997
0.103 0.04 20 20 8.52271047498433e-16 0.999999999999999 0.999999999999999 2.22044604925031e-16 0.999999999999999
0.104 0.04 20 20 2.53683003536028e-16 0.999999999999999 1 2.22044604925031e-16 1
0.106 0.04 20 20 7.38996969298915e-17 0.999999999999999 1 4.44089209850063e-16 1
0.107 0.04 20 20 2.10691272769631e-17 0.999999999999999 1 5.55111512312578e-16 1
0.109 0.04 20 20 5.87918627147009e-18 0.999999999999999 1 5.55111512312578e-16 1
0.11 0.04 20 20 1.60571200710173e-18 0.999999999999999 1 5.55111512312578e-16 1
0.111 0.04 20 20 4.29249160541365e-19 0.999999999999999 1 5.55111512312578e-16 1
0.112 0.04 20 20 1.12318999372357e-19 0.999999999999999 1 5.55111512312578e-16 1
0.113 0.04 20 20 2.87679300258382e-20 0.999999999999999 1 5.55111512312578e-16 1
0.114 0.04 20 20 7.21245609100762e-21 0.999999999999999 1 5.55111512312578e-16 1
0.115 0.04 20 20 2.19499812205348e-21 0.999999999999999 1 5.55111512312578e-16 1
0.116 0.04 20 20 9.9945069630001e-23 0.999999999999999 1 5.55111512312578e-16 1
-0.077 0.06 20 20 2.75638730685518e-15 2.75638730685518e-15 7.53718434719083e-14 7.26154561650531e-14 1.00877797772255e-13
-0.076 0.06 20 20 1.85166765544267e-14 2.12730638612818e-14 1.54321097405078e-13 1.33048033543796e-13 2.05021965449813e-13
-0.075 0.06 20 20 3.36480786761369e-14 5.49211425374187e-14 3.1312142827984e-13 2.58200285742421e-13 4.12969900590125e-13
-0.074 0.06 20 20 2.89374341517814e-13 3.44295484055233e-13 6.29612353820805e-13 2.85316869765572e-13 8.24425191071419e-13
-0.073 0.06 20 20 4.97245429865605e-13 8.41540913920838e-13 1.25460888998247e-12 4.13067976061628e-13 1.6311753708038e-12
-0.072 0.06 20 20 1.18522221088466e-12 2.0267631248055e-12 2.4775356516301e-12 4.50772526824595e-13 3.19866210503113e-12
-0.071 0.06 20 20 2.78410456469974e-12 4.81086768950524e-12 4.84852596478702e-12 3.76582752817781e-14 6.21664700311028e-12
-0.07 0.06 20 20 6.4448732317085e-12 1.12557409212137e-11 9.40328708140064e-12 1.85245383981309e-12 1.19747395018063e-11
-0.069 0.06 20 20 1.47018752348132e-11 2.59576161560269e-11 1.80730640471492e-11 7.88455210887772e-12 2.28612476130061e-11
-0.067 0.06 20 20 3.30481549919534e-11 5.90057711479803e-11 6.49816266231768e-11 5.97585547519658e-12 8.11237113986473e-11
-0.066 0.06 20 20 7.32022541224383e-11 1.32208025270419e-10 1.21563051490711e-10 1.06449737797079e-11 1.5078778043441e-10
-0.065 0.06 20 20 1.59768445311777e-10 2.91976470582196e-10 2.25373771066597e-10 6.66026995155989e-11 2.77790310086956e-10
-0.064 0.06 20 20 3.43584271273088e-10 6.35560741855284e-10 4.14093379734374e-10 2.2146736212091e-10 5.07227757142053e-10
-0.062 0.06 20 20 7.28011017330934e-10 1.36357175918622e-09 1.36074736749004e-09 2.82439169617718e-12 1.64660610301185e-09
-0.061 0.06 20 20 1.5198182813392e-09 2.88339004052542e-09 2.4336999953394e-09 4.49690045186017e-10 2.92749212911213e-09
-0.06 0.06 20 20 3.12594268715277e-09 6.00933272767819e-09 4.31380197824885e-09 1.69553074942934e-09 5.1587821336353e-09
-0.059 0.06 20 20 6.33421108619024e-09 1.23435438138684e-08 7.57809231606674e-09 4.76545149780169e-09 9.01045998663872e-09
-0.057 0.06 20 20 1.26448249459374e-08 2.49883687598058e-08 2.27662254892016e-08 2.22214327060422e-09 2.67672437261986e-08
-0.056 0.06 20 20 2.48672967109781e-08 4.9855665470784e-08 3.89339903750958e-08 1.09216750956882e-08 4.55267846273494e-08
-0.055 0.06 20 20 4.81755097756789e-08 9.80311752464629e-08 6.59912258618112e-08 3.20399493846517e-08 7.6752311395331e-08
-0.053 0.06 20 20 9.19374820477304e-08 1.89968657294193e-07 1.84575222155843e-07 5.39343513835046e-09 2.12440993637334e-07
-0.052 0.06 20 20 1.72828002317447e-07 3.62796659611641e-07 3.04586719612459e-07 5.82099399991815e-08 3.48793444984827e-07
-0.051 0.06 20 20 3.20020221392641e-07 6.82816881004281e-07 4.9817647825337e-07 1.84640402750912e-07 5.67642245709421e-07
-0.05 0.06 20 20 5.83672523197134e-07 1.26648940420142e-06 8.0759651057777e-07 4.58892893623645e-07 9.15718028519168e-07
-0.048 0.06 20 20 1.04851921836447e-06 2.31500862256588e-06 2.06657817894886e-06 2.48430443617025e-07 2.32111084289739e-06
-0.047 0.06 20 20 1.8551785014363e-06 4.17018712400218e-06 3.26217771372253e-06 9.0800941027965e-07 3.64714048499603e-06
-0.046 0.06 20 20 3.23283896996503e-06 7.4030260939672e-06 5.10412797892357e-06 2.29889811504363e-06 5.6807920636911e-06
-0.044 0.06 20 20 5.54828281707121e-06 1.29513089110384e-05 1.21687444400177e-05 7.82564471020692e-07 1.34258819539471e-05
-0.043 0.06 20 20 9.37770079848461e-06 2.2329009709523e-05 1.85424732228361e-05 3.78653648668694e-06 2.03719180381584e-05
-0.042 0.06 20 20 1.56093475876288e-05 3.79383572971519e-05 2.80072826532958e-05 9.93107464385605e-06 3.06438952588626e-05
-0.04 0.06 20 20 2.55865181862062e-05 6.3524875483358e-05 6.22369807441609e-05 1.28789473919716e-06 6.7555925592471e-05
-0.039 0.06 20 20 4.13012579547588e-05 0.000104826133438117 9.1566569834914e-05 1.32595636032029e-05 9.90113573417286e-05
-0.038 0.06 20 20 6.5649111383284e-05 0.000170475244821401 0.000133547342108369 3.69279027130321e-05 0.000143865894195708
-0.036 0.06 20 20 0.000102753340424427 0.000273228585245828 0.0002767542374096 3.52565216377209e-06 0.000295998807935734
-0.035 0.06 20 20 0.000158362667205977 0.000431591252451805 0.000393253453543302 3.83377989085029e-05 0.000419147312971499
-0.034 0.06 20 20 0.000240318886502989 0.000671910138954794 0.000553982221048233 0.000117927917906561 0.000588477192428715
-0.033 0.06 20 20 0.000359078947582977 0.00103098908653777 0.000773702817665556 0.000257286268872214 0.00081919785424637
-0.031 0.06 20 20 0.000528260257226681 0.00155924934376445 0.00147075129086505 8.84980528994025e-05 0.0015475286696145
-0.03 0.06 20 20 0.000765158120827187 0.00232440746459164 0.00200193103679647 0.000322476427795167 0.00210016034340406
-0.029 0.06 20 20 0.0010911620748754 0.00341556953946704 0.0027018453034249 0.000713724236042131 0.0028262368894242
-0.027 0.06 20 20 0.00153197633322325 0.00494754587269029 0.00479779897620988 0.000149746896480407 0.0049911639731033
-0.026 0.06 20 20 0.0021175310788279 0.00706507695151819 0.00631308338370313 0.00075199356781505 0.00655040390471351
-0.025 0.06 20 20 0.00288146289992844 0.00994653985144663 0.00823760897190344 0.00170893087954319 0.0085257961377591
-0.023 0.06 20 20 0.00386004805360528 0.0138065879050519 0.0136794973803075 0.000127090524744416 0.0140909143732466
-0.022 0.06 20 20 0.0050904963871803 0.0188970842922322 0.0174107237993013 0.00148636049293093 0.0178942545533781
-0.021 0.06 20 20 0.00660856223830759 0.0255056465305398 0.0219785265989777 0.00352711993156205 0.0225404698804788
-0.02 0.06 20 20 0.00844549958726707 0.0339511461178069 0.0275192904679668 0.00643185564984004 0.0281649442004984
-0.018 0.06 20 20 0.010624480823345 0.0445756269411519 0.042109485802588 0.00246614113856383 0.0429323140646195
-0.017 0.06 20 20 0.0131567016661048 0.0577323286072567 0.0514677619117963 0.00626456669546036 0.0523798906114395
-0.016 0.06 20 20 0.016037498505972 0.0737698271132287 0.0624094509660857 0.011360376147143 0.0634078917756397
-0.014 0.06 20 20 0.019242891148431 0.0930127182616597 0.0896359749100286 0.0033767433516311 0.090785701316797
-0.013 0.06 20 20 0.0227270136759889 0.115739731937649 0.106185641418198 0.00955409051945109 0.10739367436883
-0.012 0.06 20 20 0.0264208939303384 0.142160625867987 0.124836721467222 0.0173239044007646 0.12608700988523
-0.01 0.06 20 20 0.0302329781183968 0.172393603986384 0.168707401704756 0.00368620228162816 0.169981754600389
-0.009 0.06 20 20 0.0340516625506909 0.206445266537075 0.193970554485082 0.0124747120519924 0.195221675765987
-0.008 0.06 20 20 0.0377499042961148 0.24419517083319 0.221413360671901 0.0227818101612888 0.22261545517858
-0.007 0.06 20 20 0.0411917463784058 0.285386917211595 0.250951017921419 0.0344358992901758 0.252077600192756
-0.005 0.06 20 20 0.0442403488459472 0.329627266057542 0.315740673877819 0.013886592179723 0.31663880741098
-0.004 0.06 20 20 0.0467668966294722 0.376394162687015 0.3505951037533 0.0257990589337148 0.351343825891123
-0.003 0.06 20 20 0.0486595876669864 0.425053750354001 0.386755380576845 0.0382983697771563 0.387335204609796
-0.001 0.06 20 20 0.0498318334845168 0.474885583838518 0.461788649144671 0.0130969346938473 0.461989131885424
0 0.06 20 20 0.0502288344761244 0.525114418314642 0.5 0.0251144183146423 0.5
0.001 0.06 20 20 0.0498318334334289 0.574946251748071 0.538211350855329 0.0367349008927417 0.538010868114576
0.003 0.06 20 20 0.0486595876233126 0.623605839371384 0.613244619423155 0.0103612199482286 0.612664795390204
0.004 0.06 20 20 0.0467668966486828 0.670372736020067 0.6494048962467 0.0209678397733664 0.648656174108877
0.005 0.06 20 20 0.0442403486623855 0.714613084682452 0.684259326122181 0.0303537585602714 0.68336119258902
0.007 0.06 20 20 0.0411917460528346 0.755804830735287 0.749048982078581 0.0067558486567062 0.747922399807244
0.008 0.06 20 20 0.0377499040559742 0.793554734791261 0.778586639328099 0.0149680954631616 0.77738454482142
0.009 0.06 20 20 0.0340516623335472 0.827606397124808 0.806029445514918 0.0215769516098904 0.804778324234013
0.01 0.06 20 20 0.0302329779739638 0.857839375098772 0.831292598295244 0.0265467768035276 0.830018245399611
0.012 0.06 20 20 0.0264208938814276 0.884260268980199 0.875163278532778 0.00909699044742185 0.87391299011477
0.013 0.06 20 20 0.0227270135447575 0.906987282524957 0.893814358581802 0.0131729239431545 0.89260632563117
0.014 0.06 20 20 0.0192428909304636 0.926230173455421 0.910364025089971 0.0158661483654492 0.909214298683203
0.016 0.06 20 20 0.0160374982055049 0.942267671660926 0.937590549033914 0.00467712262701125 0.93659210822436
0.017 0.06 20 20 0.0131567014947248 0.95542437315565 0.948532238088204 0.00689213506744657 0.947620109388561
0.018 0.06 20 20 0.0106244808536547 0.966048854009305 0.957890514197412 0.00815833981189296 0.95706768593538
0.02 0.06 20 20 0.00844549954847734 0.974494353557782 0.972480709532033 0.00201364402574911 0.971835055799502
0.021 0.06 20 20 0.00660856218991356 0.981102915747696 0.978021473401022 0.00308144234667351 0.977459530119521
0.022 0.06 20 20 0.00509049639786195 0.986193412145558 0.982589276200699 0.00360413594485909 0.982105745446622
0.023 0.06 20 20 0.00386004805205483 0.990053460197613 0.986320502619693 0.00373295757792014 0.985909085626753
0.025 0.06 20 20 0.00288146283845624 0.992934923036069 0.991762391028097 0.00117253200797229 0.991474203862241
0.026 0.06 20 20 0.00211753102309394 0.995052454059163 0.993686916616297 0.00136553744286594 0.993449596095286
0.027 0.06 20 20 0.00153197633591032 0.996584430395073 0.99520220102379 0.00138222937128307 0.995008836026897
0.029 0.06 20 20 0.00109116208363082 0.997675592478704 0.997298154696575 0.000377437782128842 0.997173763110576
0.03 0.06 20 20 0.00076515814331944 0.998440750622023 0.997998068963204 0.000442681658819888 0.997899839656596
0.031 0.06 20 20 0.000528260280988679 0.998969010903012 0.998529248709135 0.000439762193877091 0.998452471330386
0.033 0.06 20 20 0.000359078952429024 0.999328089855441 0.999226297182334 0.000101792673106615 0.999180802145754
0.034 0.06 20 20 0.000240318885257513 0.999568408740699 0.999446017778952 0.000122390961746821 0.999411522807571
0.035 0.06 20 20 0.00015836267070363 0.999726771411402 0.999606746546457 0.000120024864945556 0.999580852687028
0.036 0.06 20 20 0.000102753341785755 0.999829524753188 0.99972324576259 0.000106278990597564 0.999704001192064
0.038 0.06 20 20 6.5649112994469e-05 0.999895173866182 0.999866452657892 2.87212082907828e-05 0.999856134105804
0.039 0.06 20 20 4.13012575939215e-05 0.999936475123776 0.999908433430165 2.80416936112582e-05 0.999900988642658
0.04 0.06 20 20 2.55865173346058e-05 0.999962061641111 0.999937763019256 2.42986218551566e-05 0.999932444074408
0.042 0.06 20 20 1.56093480644226e-05 0.999977670989175 0.999971992717347 5.67827182873515e-06 0.999969356104741
0.043 0.06 20 20 9.37770136221261e-06 0.999987048690538 0.999981457526777 5.59116376042113e-06 0.999979628081962
0.044 0.06 20 20 5.54828296955818e-06 0.999992596973507 0.99998783125556 4.76571794716385e-06 0.999986574118046
0.046 0.06 20 20 3.23283914345947e-06 0.999995829812651 0.999994895872021 9.33940629610497e-07 0.999994319207936
0.047 0.06 20 20 1.85517858420224e-06 0.999997684991235 0.999996737822286 9.47168948606247e-07 0.999996352859515
0.048 0.06 20 20 1.04851937790445e-06 0.999998733510613 0.999997933421821 8.00088791663711e-07 0.999997678889157
0.05 0.06 20 20 5.83672530228475e-07 0.999999317183143 0.999999192403489 1.24779653498663e-07 0.999999084281971
0.051 0.06 20 20 3.20020217627733e-07 0.999999637203361 0.999999501823522 1.35379838894778e-07 0.999999432357754
0.052 0.06 20 20 1.72827993670057e-07 0.999999810031354 0.99999969541328 1.1461807392088e-07 0.999999651206555
0.053 0.06 20 20 9.19374832346781e-08 0.999999901968837 0.999999815424778 8.65440595854139e-08 0.999999787559006
0.055 0.06 20 20 4.81755092782148e-08 0.999999950144347 0.999999934008774 1.61355725447621e-08 0.999999923247689
0.056 0.06 20 20 2.48672961215184e-08 0.999999975011643 0.99999996106601 1.39456333148047e-08 0.999999954473215
0.057 0.06 20 20 1.26448230547863e-08 0.999999987656466 0.999999977233775 1.04226913766325e-08 0.999999973232756
0.059 0.06 20 20 6.33420814539805e-09 0.999999993990674 0.999999992421908 1.56876633905512e-09 0.99999999098954
0.06 0.06 20 20 3.12594015884213e-09 0.999999997116614 0.999999995686198 1.43041622990836e-09 0.999999994841218
0.061 0.06 20 20 1.51981656242942e-09 0.999999998636431 0.9999999975663 1.0701308728045e-09 0.999999997072508
0.062 0.06 20 20 7.28009900410493e-10 0.999999999364441 0.999999998639253 7.2518813176714e-10 0.999999998353394
0.064 0.06 20 20 3.43583485179052e-10 0.999999999708024 0.999999999585907 1.22117649326015e-10 0.999999999492772
0.065 0.06 20 20 1.59767924956496e-10 0.999999999867792 0.999999999774626 9.3165808401352e-11 0.99999999972221
0.066 0.06 20 20 7.32019484944098e-11 0.999999999940994 0.999999999878437 6.25571816570414e-11 0.999999999849212
0.067 0.06 20 20 3.30479626705897e-11 0.999999999974042 0.999999999935018 3.90236731817595e-11 0.999999999918876
0.069 0.06 20 20 1.47017540483803e-11 0.999999999988744 0.999999999981927 6.81688039350092e-12 0.999999999977139
0.07 0.06 20 20 6.44480067567934e-12 0.999999999995189 0.999999999990597 4.59188242984965e-12 0.999999999988025
0.071 0.06 20 20 2.7840631428253e-12 0.999999999997973 0.999999999995151 2.82118772787499e-12 0.999999999993783
0.072 0.06 20 20 1.18519958592063e-12 0.999999999999158 0.999999999997522 1.63546953757532e-12 0.999999999996801
0.073 0.06 20 20 4.97233417221337e-13 0.999999999999655 0.999999999998745 9.09716746377853e-13 0.999999999998369
0.074 0.06 20 20 2.05588610525114e-13 0.999999999999861 0.99999999999937 4.90274487674469e-13 0.999999999999176
0.075 0.06 20 20 1.17422791596402e-13 0.999999999999978 0.999999999999687 2.91211499359179e-13 0.999999999999587
0.076 0.06 20 20 1.85149099570215e-14 0.999999999999997 0.999999999999846 1.50990331349021e-13 0.999999999999795
0.077 0.06 20 20 2.75366454806082e-15 0.999999999999999 0.999999999999925 7.4718009557273e-14 0.999999999999899
-0.038 0.08 20 20 7.88683821973823e-11 7.88683821973823e-11 9.39541825588142e-11 1.50858003614319e-11 1.16747523860102e-10
-0.037 0.08 20 20 2.44964081168711e-10 3.23832463366093e-10 2.76534360769355e-10 4.72981025967381e-11 3.39851742380754e-10
-0.036 0.08 20 20 3.123234767995e-10 6.36155940165593e-10 7.91864950174881e-10 1.55709010009288e-10 9.62781262270368e-10
-0.035 0.08 20 20 1.71985310716898e-09 2.35600904733457e-09 2.20615350757296e-09 1.49855539761613e-10 2.65445632634759e-09
-0.034 0.08 20 20 5.96777045340315e-09 8.32377950073772e-09 5.98022408208097e-09 2.34355541865675e-09 7.12275259295724e-09
-0.033 0.08 20 20 7.06333803373856e-09 1.53871175344763e-08 1.5772913122869e-08 3.85795588392689e-10 1.86020160133057e-08
-0.032 0.08 20 20 3.55005180798212e-08 5.08876356142975e-08 4.04795674858658e-08 1.04080681284317e-08 4.72855857491159e-08
-0.031 0.08 20 20 4.01589821511167e-08 9.10466177654142e-08 1.0108980884987e-07 1.00431910844559e-08 1.16996304357016e-07
-0.03 0.08 20 20 1.91079015978054e-07 2.82125633743468e-07 2.4566649071647e-07 3.64591430269973e-08 2.81779593760144e-07
-0.029 0.08 20 20 5.55010525753344e-07 8.37136159496811e-07 5.80995190157162e-07 2.56140969339649e-07 6.60635522109297e-07
-0.028 0.08 20 20 5.81639707307435e-07 1.41877586680425e-06 1.33724188835323e-06 8.15339784510207e-08 1.5078285626669e-06
-0.027 0.08 20 20 2.52608670879131e-06 3.94486257559556e-06 2.99559349590794e-06 9.49269079687626e-07 3.3504584180449e-06
-0.026 0.08 20 20 2.52706244193723e-06 6.47192501753279e-06 6.53157641448558e-06 5.96513969527976e-08 7.24845377399324e-06
-0.025 0.08 20 20 1.03908102665126e-05 1.68627352840454e-05 1.38625925687376e-05 3.00014271530776e-06 1.52687807966396e-05
-0.024 0.08 20 20 9.91815356894154e-06 2.67808888529869e-05 2.86413774154574e-05 1.86048856247053e-06 3.13193498866995e-05
-0.023 0.08 20 20 3.86123360974895e-05 6.53932249504764e-05 5.76104013715047e-05 7.78282357897166e-06 6.25611784934134e-05
-0.022 0.08 20 20 8.75343495826474e-05 0.000152927574533124 0.000112824455611475 4.01031189216488e-05 0.000121707829229835
-0.021 0.08 20 20 7.71859392536044e-05 0.000230113513786728 0.000215150479906366 1.49630338803624e-05 0.000230618797285779
-0.02 0.08 20 20 0.00027437020871906 0.000504483722505789 0.000399543000220716 0.000104940722285073 0.000425675498501186
-0.019 0.08 20 20 0.000230557564949212 0.000735041287455001 0.000722631338541127 1.24099489138733e-05 0.00076545562364541
-0.018 0.08 20 20 0.000776125298679351 0.00151116658613435 0.0012730841466303 0.000238082439504048 0.00134113802174144
-0.017 0.08 20 20 0.00146610256349506 0.00297726914962942 0.00218496851044964 0.000792300639179772 0.00228980951763299
-0.016 0.08 20 20 0.00113582777891666 0.00411309692854608 0.00365382834150398 0.0004592685870421 0.00381034553956426
-0.015 0.08 20 20 0.00349272725161409 0.00760582418016017 0.00595443242099431 0.00165139175916585 0.00618076700310353
-0.014 0.08 20 20 0.00257562391001048 0.0101814480901706 0.00945811213014397 0.000723335960026673 0.00977496881753539
-0.013 0.08 20 20 0.00750297902917776 0.0176844271193484 0.0146464461180305 0.00303798100131792 0.0150755978344255
-0.012 0.08 20 20 0.0052642446241755 0.0229486717435239 0.0221169947602922 0.000831676983231673 0.0226788685261769
-0.011 0.08 20 20 0.0145296839600367 0.0374783557035606 0.0325761869995104 0.00490216870405021 0.0332865779699715
-0.01 0.08 20 20 0.0213072710220654 0.0587856267256261 0.0468147084673951 0.011970918258231 0.0476808903761305
-0.009 0.08 20 20 0.0137469685977195 0.0725325953233456 0.065662165829212 0.00687042949413358 0.0666789130731287
-0.008 0.08 20 20 0.0346939745290034 0.107226569852349 0.0899205457307017 0.0173060241216473 0.0910667942889923
-0.007 0.08 20 20 0.0212740578763644 0.128500627728713 0.120279861923321 0.00822076580539233 0.121516840084282
-0.006 0.08 20 20 0.0508974048345916 0.179398032563305 0.157223815025139 0.0221742175381665 0.158495405319887
-0.005 0.08 20 20 0.0296514141451989 0.209049446708504 0.200937351768747 0.00811209493975695 0.202173170134064
-0.004 0.08 20 20 0.0672653617152564 0.27631480842376 0.251230606574189 0.0250842018495717 0.252351824392994
-0.003 0.08 20 20 0.0764376185432985 0.352752426967059 0.307493850290746 0.0452585766763125 0.308421220721561
-0.002 0.08 20 20 0.0408540812618371 0.393606508228896 0.368695203796175 0.0249113044327207 0.369358214550407
-0.001 0.08 20 20 0.0848663140101817 0.478472822239078 0.433427129948583 0.0450456922904945 0.433772835010864
0 0.08 20 20 0.043054357329321 0.521527179568399 0.5 0.0215271795683986 0.5
0.001 0.08 20 20 0.084866314022206 0.606393493590604 0.566572870051417 0.0398206235391875 0.566227164989136
0.002 0.08 20 20 0.0408540812170381 0.647247574807643 0.631304796203825 0.0159427786038178 0.630641785449593
0.003 0.08 20 20 0.0764376183526475 0.72368519316029 0.692506149709254 0.0311790434510363 0.691578779278439
0.004 0.08 20 20 0.0672653615398591 0.790950554700149 0.748769393425811 0.0421811612743378 0.747648175607006
0.005 0.08 20 20 0.0296514140261806 0.82060196872633 0.799062648231253 0.0215393204950767 0.797826829865936
0.006 0.08 20 20 0.0508974044324285 0.871499373158758 0.842776184974861 0.0287231881838969 0.841504594680113
0.007 0.08 20 20 0.0212740576467277 0.892773430805486 0.879720138076679 0.0130532927288072 0.878483159915718
0.008 0.08 20 20 0.0346939744889451 0.927467405294431 0.910079454269298 0.0173879510251328 0.908933205711008
0.009 0.08 20 20 0.0137469685941844 0.941214373888616 0.934337834170788 0.00687653971782753 0.933321086926871
0.01 0.08 20 20 0.0213072706744894 0.962521644563105 0.953185291532605 0.00933635303050007 0.952319109623869
0.011 0.08 20 20 0.014529683885845 0.97705132844895 0.96742381300049 0.00962751544846041 0.966713422030029
0.012 0.08 20 20 0.00526424454862144 0.982315572997571 0.977883005239708 0.0044325677578636 0.977321131473823
0.013 0.08 20 20 0.00750297894949171 0.989818551947063 0.98535355388197 0.00446499806509348 0.984924402165575
0.014 0.08 20 20 0.00257562393044618 0.992394175877509 0.990541887869856 0.00185228800765325 0.990225031182465
0.015 0.08 20 20 0.00349272721128423 0.995886903088793 0.994045567579006 0.00184133550978782 0.993819232996896
0.016 0.08 20 20 0.00113582773166093 0.997022730820454 0.996346171658496 0.000676559161958412 0.996189654460436
0.017 0.08 20 20 0.00146610259356839 0.998488833414023 0.99781503148955 0.000673801924472528 0.997710190482367
0.018 0.08 20 20 0.000776125289928159 0.999264958703951 0.99872691585337 0.000538042850581233 0.998658861978259
0.019 0.08 20 20 0.000230557561517709 0.999495516265469 0.999277368661459 0.000218147604009733 0.999234544376355
0.02 0.08 20 20 0.000274370209208218 0.999769886474677 0.999600456999779 0.00016942947489762 0.999574324501499
0.021 0.08 20 20 7.71859385955844e-05 0.999847072413272 0.999784849520094 6.22228931788094e-05 0.999769381202714
0.022 0.08 20 20 8.75343573020964e-05 0.999934606770575 0.999887175544389 4.7431226186001e-05 0.99987829217077
0.023 0.08 20 20 2.33181036114972e-05 0.999957924874186 0.999942389598628 1.55352755575322e-05 0.999937438821507
0.024 0.08 20 20 2.52123896651011e-05 0.999983137263851 0.999971358622585 1.17786412665577e-05 0.999968680650113
0.025 0.08 20 20 1.03908109449942e-05 0.999993528074796 0.999986137407431 7.39066736488159e-06 0.999984731219203
0.026 0.08 20 20 2.52706245769838e-06 0.999996055137254 0.999993468423585 2.58671366837326e-06 0.999992751546226
0.027 0.08 20 20 2.52608680594977e-06 0.99999858122406 0.999997004406504 1.57681755574846e-06 0.999996649541582
0.028 0.08 20 20 5.81639767182157e-07 0.999999162863827 0.999998662758112 5.00105715284249e-07 0.999998492171437
0.029 0.08 20 20 5.55010562429701e-07 0.999999717874389 0.99999941900481 2.98869579529182e-07 0.999999339364478
0.03 0.08 20 20 1.2098445323025e-07 0.999999838858843 0.999999754333509 8.45253332881768e-08 0.999999718220406
0.031 0.08 20 20 1.10253561449705e-07 0.999999949112404 0.999999898910191 5.02022129422741e-08 0.999999883003696
0.032 0.08 20 20 3.55005099635765e-08 0.999999984612914 0.999999959520433 2.50924815370368e-08 0.999999952714414
0.033 0.08 20 20 7.06333299945988e-09 0.999999991676247 0.999999984227087 7.44916017758612e-09 0.999999981397984
0.034 0.08 20 20 5.96776167704046e-09 0.999999997644009 0.999999994019776 3.62423280275692e-09 0.999999992877247
0.035 0.08 20 20 1.71984762493271e-09 0.999999999363856 0.999999997793847 1.5700097888427e-09 0.999999997345544
0.036 0.08 20 20 3.12321560779391e-10 0.999999999676178 0.999999999208135 4.68042826717863e-10 0.999999999037219
0.037 0.08 20 20 2.4496174026271e-10 0.99999999992114 0.999999999723466 1.97673988289182e-10 0.999999999660148
0.038 0.08 20 20 7.88596012365316e-11 0.999999999999999 0.999999999906046 9.39534006150211e-11 0.999999999883252
