5 1 0 0.0188923506420589 0.00133776664733887 0.0207018852233887
5 2 0 0.0185182633976926 0.00475883483886719 0.193501710891724
5 3 0 0.0183898382949401 0.0101947784423828 0.64872407913208
5 4 0 0.0183252568085555 0.0176973342895508 1.54334855079651
5 5 0 0.0182864347299612 0.0303335189819336 2.89229083061218
5 6 0 0.0182605333763679 0.0431368350982666 4.92263007164001
5 7 0 0.0182420260308445 0.0602395534515381 7.62244129180908
5 8 0 0.018228143199665 0.0752670764923096 11.1190519332886
5 9 0 0.0182173447127084 0.0926749706268311 16.1296198368073
5 10 0 0.0182087056827308 0.118029117584229 21.6571438312531
5 15 0 0.0181827894539014 0.298929691314697 74.7473304271698
5 20 0 0.0181698330295268 0.704341173171997 185.497582674026
10 1 0 0.0186311445811106 0.00147199630737305 0.0959265232086182
10 2 0 0.0184371442766342 0.00449967384338379 0.83345890045166
10 3 0 0.0183717672541881 0.0110960006713867 2.72647500038147
10 4 0 0.0183389908431269 0.0194816589355469 5.9474892616272
10 5 0 0.0183193030579316 0.031071662902832 11.1315891742706
10 6 0 0.0183061699419637 0.0445268154144287 18.5556623935699
10 7 0 0.0182967858260479 0.0604612827301025 29.0735290050507
10 8 0 0.018289746049183 0.0833485126495361 42.7038724422455
10 9 0 0.0182842697750458 0.103251934051514 58.6109821796417
10 10 0 0.0182798881979267 0.130584239959717 78.792441368103
10 15 0 0.0182667407802173 0.298949956893921 247.190845489502
10 20 0 0.018260165854083 0.542652368545532 555.961436271667
15 1 0 0.0185370783354067 0.00102424621582031 0.229159355163574
15 2 0 0.0184062314844531 0.00443553924560547 1.80200266838074
15 3 0 0.0183623370802786 0.00991487503051758 5.63782405853271
15 4 0 0.0183403514645944 0.0188524723052979 12.4522480964661
15 5 0 0.0183271497102431 0.0310878753662109 23.5980994701385
15 6 0 0.0183183446284493 0.0480968952178955 38.9862394332886
15 7 0 0.0183120534339406 0.062955379486084 60.3963265419006
15 8 0 0.0183073341443118 0.0789732933044434 86.8036422729492
15 9 0 0.0183036630715538 0.101671934127808 120.876796722412
15 10 0 0.0183007258469919 0.131265163421631 162.186096906662
15 15 0 0.0182919125815195 0.30213475227356 504.851190328598
15 20 0 0.0182875051576822 0.548146963119507 1120.8384885788
20 1 0 0.0184886972306647 0.00133204460144043 0.403747081756592
20 2 0 0.018390000104973 0.00489687919616699 3.05306959152222
20 3 0 0.018356955092505 0.010159969329834 9.40778779983521
20 4 0 0.018340411201711 0.0213406085968018 21.4637608528137
20 5 0 0.0183304786902397 0.0305490493774414 39.5631577968597
20 6 0 0.0183238548166266 0.0461127758026123 65.611748456955
20 7 0 0.0183191223303572 0.0618870258331299 101.312473535538
20 8 0 0.0183155723685638 0.0844631195068359 145.990120410919
20 9 0 0.0183128109480596 0.102061986923218 203.443145513535
20 10 0 0.0183106016532836 0.131041526794434 270.268981456757
20 15 0 0.0183039725595673 0.304846286773682 834.095844984055
20 20 0 0.0183006575363103 0.572479009628296 1913.832716465
