0 0 20 20 1 1
-0.085 0.02 20 20 4.09583997497572e-42 4.09583997497572e-42
-0.08 0.02 20 20 2.31841573417388e-32 2.31841573458346e-32
-0.075 0.02 20 20 4.55720496286398e-27 4.55722814702133e-27
-0.07 0.02 20 20 3.18000463072255e-23 3.18046035353726e-23
-0.065 0.02 20 20 1.0476330694137e-19 1.04795111544905e-19
-0.06 0.02 20 20 2.82715977014441e-17 2.8376392812989e-17
-0.055 0.02 20 20 5.14185960081567e-15 5.17023599362866e-15
-0.05 0.02 20 20 2.90629229241013e-12 2.91146252840376e-12
-0.045 0.02 20 20 2.11447972446645e-10 2.14359434975048e-10
-0.04 0.02 20 20 1.05169984467999e-08 1.0731357881775e-08
-0.035 0.02 20 20 3.5426616862344e-07 3.64997526505215e-07
-0.03 0.02 20 20 2.16087712150744e-05 2.19737687415796e-05
-0.025 0.02 20 20 0.000278955005343391 0.00030092877408497
-0.02 0.02 20 20 0.00505397520882076 0.00535490398290573
-0.015 0.02 20 20 0.0240758228820003 0.0294307268649061
-0.01 0.02 20 20 0.081074482296126 0.110505209161032
-0.005 0.02 20 20 0.258669073875454 0.369174283036486
0 0.02 20 20 0.261651434658806 0.630825717695291
0.005 0.02 20 20 0.258669073454556 0.889494791149848
0.01 0.02 20 20 0.0810744820829927 0.970569273232841
0.015 0.02 20 20 0.0240758228083385 0.994645096041179
0.02 0.02 20 20 0.0050539751878324 0.999699071229011
0.025 0.02 20 20 0.000278955002446272 0.999978026231458
0.03 0.02 20 20 2.16087710166448e-05 0.999999635002474
0.035 0.02 20 20 3.54266167728079e-07 0.999999989268642
0.04 0.02 20 20 1.05169983916491e-08 0.999999999785641
0.045 0.02 20 20 2.11447970841566e-10 0.999999999997089
0.05 0.02 20 20 2.90629233328993e-12 0.999999999999995
0.055 0.02 20 20 5.14185945795028e-15 1
0.06 0.02 20 20 2.827159497596e-17 1
0.065 0.02 20 20 1.04763266455908e-19 1
0.07 0.02 20 20 3.1799993153911e-23 1
0.075 0.02 20 20 4.55690519606466e-27 1
0.08 0.02 20 20 2.94786410242356e-31 1
0.085 0.02 20 20 4.09487851225121e-42 1
-0.046 0.04 20 20 2.51884801520195e-21 2.51884801520195e-21
-0.044 0.04 20 20 9.07858250900696e-18 9.08110135702216e-18
-0.042 0.04 20 20 1.33475099215661e-15 1.34383209351363e-15
-0.04 0.04 20 20 4.4244611175992e-14 4.55884432695057e-14
-0.038 0.04 20 20 1.23019611450653e-12 1.27578455777603e-12
-0.036 0.04 20 20 9.28718420425196e-12 1.0562968762028e-11
-0.034 0.04 20 20 2.03534852801104e-10 2.14097821563132e-10
-0.032 0.04 20 20 1.21436565824551e-09 1.42846347980865e-09
-0.03 0.04 20 20 7.30969960948206e-09 8.7381630892907e-09
-0.028 0.04 20 20 1.03540442607046e-07 1.12278605696336e-07
-0.026 0.04 20 20 4.39916118657561e-07 5.52194724353897e-07
-0.024 0.04 20 20 4.55723361026308e-06 5.10942833461698e-06
-0.022 0.04 20 20 1.50673717089922e-05 2.01768000436092e-05
-0.02 0.04 20 20 0.000114079074962296 0.000134255875005905
-0.018 0.04 20 20 0.000291264641615184 0.000425520516621089
-0.016 0.04 20 20 0.000809888624252609 0.0012354091408737
-0.014 0.04 20 20 0.00395347429232575 0.00518888343319944
-0.012 0.04 20 20 0.0127540853128648 0.0179429687460643
-0.01 0.04 20 20 0.0189479214164466 0.0368908901625108
-0.008 0.04 20 20 0.0561810640680318 0.0930719542305427
-0.006 0.04 20 20 0.0628875913391446 0.155959545569687
-0.004 0.04 20 20 0.137052645299488 0.293012190869175
-0.002 0.04 20 20 0.114705934672986 0.407718125542161
0 0.04 20 20 0.184563749965967 0.592281875508128
0.002 0.04 20 20 0.114705934507234 0.706987810015362
0.004 0.04 20 20 0.137052644930494 0.844040454945856
0.006 0.04 20 20 0.0628875910965565 0.906928046042413
0.008 0.04 20 20 0.0561810639097291 0.963109109952142
0.01 0.04 20 20 0.0189479213641584 0.982057031316301
0.012 0.04 20 20 0.012754085284102 0.994811116600403
0.014 0.04 20 20 0.00395347426754908 0.998764590867952
0.016 0.04 20 20 0.000809888619432205 0.999574479487384
0.018 0.04 20 20 0.000291264639089452 0.999865744126473
0.02 0.04 20 20 0.000114079074139907 0.999979823200613
0.022 0.04 20 20 1.5067371183199e-05 0.999994890571796
0.024 0.04 20 20 4.55723347976836e-06 0.999999447805276
0.026 0.04 20 20 4.39916113443681e-07 0.99999988772139
0.028 0.04 20 20 1.03540445481092e-07 0.999999991261835
0.03 0.04 20 20 7.30970116268107e-09 0.999999998571536
0.032 0.04 20 20 1.21436576664765e-09 0.999999999785902
0.034 0.04 20 20 2.03534892814716e-10 0.999999999989437
0.036 0.04 20 20 9.28718574683056e-12 0.999999999998724
0.038 0.04 20 20 1.23019579595608e-12 0.999999999999954
0.04 0.04 20 20 4.4244597060325e-14 0.999999999999999
0.042 0.04 20 20 1.33475023519028e-15 1
0.044 0.04 20 20 9.07855088549768e-18 1
0.046 0.04 20 20 2.63396547600103e-21 1
-0.02 0.06 20 20 1.74067138467576e-14 1.74067138467576e-14
-0.019 0.06 20 20 2.24662706636626e-12 2.26403378021301e-12
-0.018 0.06 20 20 6.27674225347643e-11 6.50314563149773e-11
-0.017 0.06 20 20 6.28505764686763e-10 6.9353722100174e-10
-0.016 0.06 20 20 5.80175412177758e-09 6.49529134277932e-09
-0.015 0.06 20 20 4.69045787061561e-08 5.33998700489355e-08
-0.014 0.06 20 20 3.31855054919239e-07 3.85254924968174e-07
-0.013 0.06 20 20 2.05319907369794e-06 2.43845399866611e-06
-0.012 0.06 20 20 5.319536204372e-06 7.75799020303811e-06
-0.011 0.06 20 20 3.17134673788097e-05 3.94714575818478e-05
-0.01 0.06 20 20 0.000136716623026373 0.000176188080608221
-0.009 0.06 20 20 0.000514038085362967 0.000690226165971188
-0.008 0.06 20 20 0.00168453111774722 0.00237475728371841
-0.007 0.06 20 20 0.00480844348695009 0.00718320077066849
-0.006 0.06 20 20 0.0119488396145885 0.019132040385257
-0.005 0.06 20 20 0.0258358035146903 0.0449678438999472
-0.004 0.06 20 20 0.0485848454838529 0.0935526893838002
-0.003 0.06 20 20 0.0794329860693076 0.172985675453108
-0.002 0.06 20 20 0.112874044528031 0.285859719981139
-0.001 0.06 20 20 0.139375856333343 0.425235576314482
0 0.06 20 20 0.149528848296834 0.574764424611315
0.001 0.06 20 20 0.139375856180157 0.714140280791473
0.002 0.06 20 20 0.112874044250077 0.82701432504155
0.003 0.06 20 20 0.0794329858824124 0.906447310923962
0.004 0.06 20 20 0.048584845308475 0.955032156232437
0.005 0.06 20 20 0.0258358034329134 0.980867959665351
0.006 0.06 20 20 0.011948839605111 0.992816799270462
0.007 0.06 20 20 0.00480844346642955 0.997625242736891
0.008 0.06 20 20 0.00168453110870418 0.999309773845595
0.009 0.06 20 20 0.000514038075740817 0.999823811921336
0.01 0.06 20 20 0.000136716618803012 0.999960528540139
0.011 0.06 20 20 2.5932608875259e-05 0.999986461149015
0.012 0.06 20 20 1.11003965587652e-05 0.999997561545573
0.013 0.06 20 20 2.05319951104386e-06 0.999999614745084
0.014 0.06 20 20 3.3185505154534e-07 0.999999946600136
0.015 0.06 20 20 4.69045715751252e-08 0.999999993504707
0.016 0.06 20 20 5.80175509944268e-09 0.999999999306463
0.017 0.06 20 20 6.2850588810676e-10 0.999999999934968
0.018 0.06 20 20 6.27674502849398e-11 0.999999999997736
0.019 0.06 20 20 2.25582451824541e-12 0.999999999999992
0.02 0.06 20 20 8.20691877952612e-15 1
-0.0048 0.08 20 20 5.78982320685675e-12 5.78982320685675e-12
-0.0047 0.08 20 20 8.22536394967203e-11 8.80434627035771e-11
-0.0046 0.08 20 20 4.36389010185089e-10 5.24432472888667e-10
-0.0045 0.08 20 20 2.06445634635466e-09 2.58888881924333e-09
-0.0043 0.08 20 20 4.21115842974888e-09 6.80004724899221e-09
-0.0042 0.08 20 20 9.95061850589893e-09 1.67506657548911e-08
-0.0041 0.08 20 20 1.3784809356765e-08 3.05354751116561e-08
-0.004 0.08 20 20 2.45292166679477e-08 5.50646917796039e-08
-0.0039 0.08 20 20 1.18290844684203e-07 1.73355536463806e-07
-0.0038 0.08 20 20 3.4935469936833e-07 5.22710235832136e-07
-0.0037 0.08 20 20 3.70383417646152e-07 8.93093653478288e-07
-0.0035 0.08 20 20 1.63108045829257e-06 2.52417411177086e-06
-0.0033 0.08 20 20 4.30884209637283e-06 6.83301620814369e-06
-0.0032 0.08 20 20 4.2291040718073e-06 1.1062120279951e-05
-0.0031 0.08 20 20 1.70089294442594e-05 2.80710497242104e-05
-0.0029 0.08 20 20 1.59295428309271e-05 4.40005925551375e-05
-0.0028 0.08 20 20 6.06775929447232e-05 0.000104678185499861
-0.0027 0.08 20 20 5.41996813036372e-05 0.000158877866803498
-0.0026 0.08 20 20 0.000195546779052567 0.000354424645856065
-0.0025 0.08 20 20 0.000166519891862172 0.000520944537718237
-0.0024 0.08 20 20 0.000236635189589325 0.000757579727307562
-0.0023 0.08 20 20 0.0003324643043937 0.00109004403170126
-0.0022 0.08 20 20 0.000461804253744228 0.00155184828544549
-0.0021 0.08 20 20 0.00149518340224712 0.00304703168769261
-0.002 0.08 20 20 0.00115565578447673 0.00420268747216935
-0.0019 0.08 20 20 0.00153348519109992 0.00573617266326926
-0.0018 0.08 20 20 0.00201165408796904 0.0077478267512383
-0.0017 0.08 20 20 0.00595347840231415 0.0137013051535525
-0.0016 0.08 20 20 0.00423902895670411 0.0179403341102566
-0.0015 0.08 20 20 0.0053111377340207 0.0232514718442773
-0.0014 0.08 20 20 0.00657825440281132 0.0298297262470886
-0.0013 0.08 20 20 0.0178031136399057 0.0476328398869943
-0.0012 0.08 20 20 0.0116642281756747 0.059297068062669
-0.0011 0.08 20 20 0.0137959685608497 0.0730930366235187
-0.001 0.08 20 20 0.0347722377142815 0.1078652743378
-9e-04 0.08 20 20 0.0212982159118987 0.129163490249699
-8e-04 0.08 20 20 0.0240528169703761 0.153216307220075
-7e-04 0.08 20 20 0.0268512466106267 0.180067553830702
-6e-04 0.08 20 20 0.0619510869278604 0.242018640758562
-5e-04 0.08 20 20 0.0348494736975707 0.276868114456133
-4e-04 0.08 20 20 0.0371432938655387 0.314011408321672
-3e-04 0.08 20 20 0.039132056469777 0.353143464791449
-2e-04 0.08 20 20 0.082702863767763 0.435846328559212
-1e-04 0.08 20 20 0.0426864019037891 0.478532730463001
0 0.08 20 20 0.0429345398582942 0.521467270321295
1e-04 0.08 20 20 0.0426864018931233 0.564153672214418
2e-04 0.08 20 20 0.0827028637230324 0.646856535937451
3e-04 0.08 20 20 0.0391320564303556 0.685988592367806
4e-04 0.08 20 20 0.0371432938208853 0.723131886188692
5e-04 0.08 20 20 0.0348494736560776 0.757981359844769
6e-04 0.08 20 20 0.0619510868327614 0.819932446677531
7e-04 0.08 20 20 0.0268512465711644 0.846783693248695
8e-04 0.08 20 20 0.0240528169198059 0.870836510168501
9e-04 0.08 20 20 0.0212982158481498 0.892134726016651
0.001 0.08 20 20 0.0347722375952906 0.926906963611941
0.0011 0.08 20 20 0.0137959685050814 0.940702932117023
0.0012 0.08 20 20 0.0116642281198776 0.9523671602369
0.0013 0.08 20 20 0.0178031136621827 0.970170273899083
0.0014 0.08 20 20 0.00657825440804793 0.976748528307131
0.0015 0.08 20 20 0.0053111377167315 0.982059666023862
0.0016 0.08 20 20 0.00423902893113979 0.986298694955002
0.0017 0.08 20 20 0.00595347834597908 0.992252173300981
0.0018 0.08 20 20 0.00201165408362021 0.994263827384602
0.0019 0.08 20 20 0.00153348517994396 0.995797312564546
0.002 0.08 20 20 0.00115565577200317 0.996952968336549
0.0021 0.08 20 20 0.00149518337594405 0.998448151712493
0.0022 0.08 20 20 0.000461804258409187 0.998909955970902
0.0023 0.08 20 20 0.000332464312530039 0.999242420283432
0.0024 0.08 20 20 0.000236635179378572 0.99947905546281
0.0025 0.08 20 20 0.000166519888103175 0.999645575350914
0.0026 0.08 20 20 0.000195546788874999 0.999841122139789
0.0027 0.08 20 20 5.41996766553418e-05 0.999895321816444
0.0028 0.08 20 20 3.64459487779001e-05 0.999931767765222
0.0029 0.08 20 20 2.42316410813533e-05 0.999955999406303
0.003 0.08 20 20 2.62837528270568e-05 0.99998228315913
0.0031 0.08 20 20 6.65472122054303e-06 0.999988937880351
0.0032 0.08 20 20 4.22910393570506e-06 0.999993166984287
0.0033 0.08 20 20 2.6575342553251e-06 0.999995824518542
0.0034 0.08 20 20 2.66592369425595e-06 0.999998490442236
0.0036 0.08 20 20 9.86847451607372e-07 0.999999477289688
0.0037 0.08 20 20 2.20059777343118e-07 0.999999697349465
0.0038 0.08 20 20 1.29294953109229e-07 0.999999826644418
0.0039 0.08 20 20 1.18290869612884e-07 0.999999944935288
0.004 0.08 20 20 2.45292310174113e-08 0.999999969464519
0.0041 0.08 20 20 1.37848138068789e-08 0.999999983249333
0.0042 0.08 20 20 7.66133489481073e-09 0.999999990910668
0.0043 0.08 20 20 4.21115864883125e-09 0.999999995121826
0.0045 0.08 20 20 4.61105174564165e-09 0.999999999732878
0.0047 0.08 20 20 3.53601272340525e-11 0.999999999768238
0.0048 0.08 20 20 5.26828768985916e-11 0.999999999820921
0.0049 0.08 20 20 1.79078952303631e-10 1
